allocate list
1 0.094980
2 0.152132
4 0.207388
8 0.382676
16 0.802896
32 1.792544
64 5.755200
128 18.576744
256 63.339396
512 232.677440
1024 860.493368
2048 3424.499868
4096 14089.915768
8192 55841.868040
16384 235550.930468
32768 936584.246584

time allocate slice
32 0.129256
64 0.187992
128 0.259460
256 0.349416
512 0.560136
1024 2.483324
2048 2.665184
4096 4.597788
8192 7.874172
16384 12.869720
32768 24.320676

time list a on B
1 1.663160
2 1.654808
4 1.630236
8 1.640896
16 1.638308
32 1.627260
64 1.631492
128 1.631216
256 1.639604
512 1.663500
1024 1.692916
2048 1.903404
4096 2.772944
8192 2.857296
16384 2.762924
32768 2.398784

time list B on A
1 0.122992
2 0.054496
4 0.048340
8 0.048580
16 0.056972
32 0.069196
64 0.108280
128 0.182496
256 0.318664
512 0.590580
1024 1.120492
2048 2.322080
4096 4.538096
8192 9.174956
16384 18.446820
32768 38.891216

time slice on slixe
32 2.706248
64 1.062188
128 2.194988
256 2.378240
512 2.340952
1024 2.955772
2048 4.607668
4096 8.236632
8192 11.389276
16384 19.430956
32768 38.346384
